DeviceID	RedComPort	BlueComPort	xRawUpGyro	xRawDownGyro	xDegUpGryo	xDegDownGyro	yRawUpGryo	yRawDownGryo	yDegUpGryo	yDegDownGryo	zRawUpGryo	zRawDownGryo	zDegUpGyro	zDegDownGyro	xCalUp6gs	xCalDown6gs	yCalUp6gs	yCalDown6gs	zCalUp6gs	zCalDown6gs  	
38C1		10		10		2283.709	2066.860	76.046		0		2090.954	1924.522	0		-61.486		2222.469	2066.114	58.442		0		2241.514	1755.430	2311.031	1805.106	2284.050	1778.853      				 
3A2C		12		12		2194.827	2067.501	45.113		0		2050.598	1896.115	0		-55.719		2214.320	2067.858	53.365		0		2247.922	1752.195	2327.393	1813.714	2193.440	1713.565				
3AA4		15		16		2232.148	2051.444	65.182		0		2084.019	1958.889	0		-48.303		2258.337	2067.271	68.834		0		2229.094	1738.240	2298.215	1786.924	2228.960	1742.458		   	      
3B3D		17		18		2251.055	2083.972	62.187		0		2067.694	1921.113	0		-55.953		2199.563	2069.801	46.899		0		2241.168	1739.037	2311.827	1790.180	2252.729	1749.534			      
3AB9		14		14		2202.509	2047.817	55.556		0		2064.719	1815.228	0		-91.790		2148.414	2043.210	37.959		0		2272.783	1776.546	2327.164	1814.729	2200.509	1686.893			      
3989		5		5		2223.161	2068.609	56.890		0		2071.263	1939.114	0		-49.813		2188.173	2052.814	41.948		0		2242.940	1747.090	2318.688	1802.853	2280.060	1800.394    	                
3B43		19		19		2176.857	2031.532	53.892		0		2036.933	1882.704	0		-57.748		2263.425	2056.481	77.838		0		2238.827	1747.103	2327.263	1816.073	2227.369	1733.672            		                          
3A0B		8		8		NOT FUNCTIONING CORRECTLY
718A		55
5838		51
75B1		30
584E		39
58EB		23
5834		33
717E		27
5EEA		31
5886		22
5857		43
7189		50
56BD		53
5EF9		37
715D		25
580B		41
75BB		46
7175		47
715E		35


																			   		       
